function s = sph2()


s = zeros(3,4,3);
s(:,:,1) = [0 0 1 1;
            -0.5 -0.5 1.5 1.5;
            0 0 1 1];
s(:,:,2) = [0 1 1 0;
            -0.5 1.5 1.5 -0.5;
            0 1 1 0];
s(:,:,3) = [0 0 0 0;
            0.5 0.5 0.5 0.5;
            1 1 1 1];
end